10
0 1 2 3 4 5 1 7 8 9
0 1 2 3 4 4 4 1 8 9
0 1 2 3 4 4 3 1 8 9
0 1 2 3 4 4 2 1 8 9
0 1 2 3 4 4 1 7 8 9
0 1 2 3 4 4 1 7 8 8
0 1 2 3 4 4 1 7 8 7
0 1 2 3 4 4 1 7 8 1
0 1 2 3 4 3 6 1 8 9
0 1 2 3 4 3 3 1 8 9
0 1 2 3 4 3 2 1 8 9
0 1 2 3 4 3 1 7 8 9
0 1 2 3 4 3 1 7 8 7
0 1 2 3 4 3 1 7 8 1
0 1 2 3 4 2 6 1 8 9
0 1 2 3 4 2 2 1 8 9
0 1 2 3 4 2 1 7 8 9
0 1 2 3 4 2 1 7 8 1
0 1 2 3 4 1 6 7 8 1
0 1 2 3 3 3 3 3 1 9
0 1 2 3 3 3 3 2 1 9
0 1 2 3 3 3 3 1 8 9
0 1 2 3 3 3 3 1 8 8
0 1 2 3 3 3 3 1 8 1
0 1 2 3 3 3 2 7 1 9
0 1 2 3 3 3 2 2 1 9
0 1 2 3 3 3 2 1 8 9
0 1 2 3 3 3 2 1 8 8
0 1 2 3 3 3 2 1 8 1
0 1 2 3 3 3 1 7 8 8
0 1 2 3 3 3 1 7 8 7
0 1 2 3 3 3 1 7 8 1
0 1 2 3 3 3 1 7 7 7
0 1 2 3 3 3 1 7 7 1
0 1 2 3 3 3 1 7 1 9
0 1 2 3 3 3 1 7 1 1
0 1 2 3 3 2 6 6 1 9
0 1 2 3 3 2 6 2 1 9
0 1 2 3 3 2 6 1 8 9
0 1 2 3 3 2 6 1 8 8
0 1 2 3 3 2 6 1 8 1
0 1 2 3 3 2 2 2 1 9
0 1 2 3 3 2 2 1 8 9
0 1 2 3 3 2 2 1 8 8
0 1 2 3 3 2 2 1 8 1
0 1 2 3 3 2 1 7 8 8
0 1 2 3 3 2 1 7 8 7
0 1 2 3 3 2 1 7 8 1
0 1 2 3 3 2 1 7 7 1
0 1 2 3 3 2 1 7 1 9
0 1 2 3 3 2 1 7 1 1
0 1 2 3 3 1 6 7 7 1
0 1 2 3 3 1 6 7 6 9
0 1 2 3 3 1 6 7 6 6
0 1 2 3 3 1 6 7 6 1
0 1 2 3 3 1 6 7 1 9
0 1 2 3 3 1 6 7 1 1
0 1 2 3 3 1 6 1 8 1
0 1 2 3 3 1 6 1 1 1
0 1 2 3 2 5 2 7 1 9
0 1 2 3 2 5 2 2 1 9
0 1 2 3 2 5 2 1 8 9
0 1 2 3 2 5 2 1 8 1
0 1 2 3 2 5 1 7 8 7
0 1 2 3 2 5 1 7 8 1
0 1 2 3 2 5 1 7 1 9
0 1 2 3 2 5 1 7 1 1
0 1 2 3 2 2 2 2 1 9
0 1 2 3 2 2 2 1 8 9
0 1 2 3 2 2 2 1 8 1
0 1 2 3 2 2 1 7 8 7
0 1 2 3 2 2 1 7 8 1
0 1 2 3 2 2 1 7 1 1
0 1 2 3 2 1 6 7 6 1
0 1 2 3 2 1 6 7 1 9
0 1 2 3 2 1 6 7 1 1
0 1 2 3 1 5 6 1 8 9
0 1 2 3 1 5 6 1 8 8
0 1 2 3 1 5 6 1 8 1
0 1 2 3 1 5 6 1 1 1
0 1 2 2 2 2 2 2 2 1
0 1 2 2 2 2 2 2 1 9
0 1 2 2 2 2 2 2 1 1
0 1 2 2 2 2 2 1 8 8
0 1 2 2 2 2 2 1 8 1
0 1 2 2 2 2 2 1 1 1
0 1 2 2 2 2 1 7 7 7
0 1 2 2 2 2 1 7 7 1
0 1 2 2 2 2 1 7 1 9
0 1 2 2 2 2 1 7 1 1
0 1 2 2 2 2 1 1 1 1
0 1 2 2 2 1 6 6 6 1
0 1 2 2 2 1 6 6 1 9
0 1 2 2 2 1 6 6 1 1
0 1 2 2 2 1 6 1 8 1
0 1 2 2 2 1 6 1 1 1
0 1 2 2 1 5 5 1 8 8
0 1 2 2 1 5 5 1 8 1
0 1 2 2 1 5 5 1 1 1
0 1 2 2 1 5 1 7 1 9
0 1 2 2 1 5 1 7 1 1
0 1 2 2 1 5 1 1 1 1
0 1 2 1 4 1 6 1 8 1
0 1 2 1 4 1 6 1 1 1
0 1 2 1 4 1 1 1 1 1
0 1 1 1 1 1 1 1 1 1
 